-250,250,-250,250,2,50
30,30,30,0,0,0,0,1,0
l 4
300,400,250,1,1,1,0.8,0.9,0.5,1.0,0.8,1.0
600,500,800,1,1,1,0.8,0.9,0.5,1.0,0.8,1.0
-400,100,100,1,1,1,0.8,0.9,0.5,1.0,0.8,1.0
400,-300,200,0,1,1,1,1,1,1.0,0.8,1.0
s 4
0,0,80,100,1,0,0,0.329412,0.223529,0.027451,0.780392,0.568627,0.113725,0.992157,0.941176,0.807843,27.8974
80,0,0,300,1,0.5,1,0.19225,0.19225,0.19225,0.50754,0.50754,0.50754,0.508273,0.508273,0.508273,51.2
0,80,0,80,1,1,0,0.24725,0.1995,0.0745,0.75164,0.60648,0.22648,0.628281,0.555802,0.366065,51.2
20,20,20,60,0,1,0,0,0,0,0.01,0.01,0.01,0.50,0.50,0.50,32