-250,250,-250,250,2,50
0,100,100,0,0,0,0,1,0
l 3
500,500,500,1,1,1,0.8,0.9,0.5,1.0,0.8,1.0
0,-500,50,1,1,1,0.8,0.9,0.5,1.0,0.8,1.0
200,300,100,1,1,1,0.8,0.9,0.5,1.0,0.8,1.0
s 3
0,-50,80,50,1,0,0,0.329412,0.223529,0.027451,0.780392,0.568627,0.113725,0.992157,0.941176,0.807843,27.8974
0,30,0,80,1,1,0,0.24725,0.1995,0.0745,0.75164,0.60648,0.22648,0.628281,0.555802,0.366065,51.2
20,20,300,60,0,1,0,0,0,0,0.01,0.01,0.01,0.50,0.50,0.50,32
p 1
0,1,0,0,-100,0,0,1,0,0.24725,0.1995,0.0745,0.75164,0.60648,0.22648,0.628281,0.555802,0.366065,51.2