-500,500,-500,500,2,50
0,30,20,0,0,0,0,1,0
l 5
500,500,500,1,1,1,0.8,0.9,0.5,1.0,0.8,1.0
-500,500,500,1,1,1,0.8,0.9,0.5,1.0,0.8,1.0
0,-100,10,1,1,1,0.8,0.9,0.5,1.0,0.8,1.0
0,700,0,1,1,1,1,1,1,1.0,0.8,1.0
200,100,20,1,1,1,0,1,0,0.5,0.2,1.0
s 4
0,0,80,100,1,0,0,0.329412,0.223529,0.027451,0.780392,0.568627,0.113725,0.992157,0.941176,0.807843,27.8974
80,0,0,300,0.2,0.5,1,0.19225,0.19225,0.19225,0.50754,0.50754,0.50754,0.508273,0.508273,0.508273,51.2
0,80,0,80,1,1,0,0.24725,0.1995,0.0745,0.75164,0.60648,0.22648,0.628281,0.555802,0.366065,51.2
20,20,20,60,0,1,1,0,0.4,1,0.01,0.01,0.01,0.50,0.50,0.50,32
p 1
0,1,0,0,-100,0,0.4,0.1,0,0.24725,0.1995,0.0745,0.75164,0.60648,0.22648,0.628281,0.555802,0.366065,51.2